# peptide NIDALSGMEGR
mz area
138.12 100000
141 208000
155.16 458000
155.52 33300
158.04 33300
158.28 25000
166.2 33300
183.12 1330000
184.2 50000
187.08 16700
200.16 2810000
201.12 267000
211.2 525000
212.04 16700
215.16 50000
226.08 16700
228.12 500000
229.08 58300
232.2 367000
232.56 33300
239.04 33300
254.04 25000
254.88 25000
255.12 25000
264.24 16700
264.96 16700
268.08 25000
272.28 33300
280.08 16700
280.44 16700
281.28 16700
282.24 91700
283.2 33300
283.68 41700
284.28 25000
285.24 16700
286.2 16700
293.28 25000
295.08 25000
296.04 33300
298.2 16700
300 50000
300.96 41700
301.2 58300
308.16 208000
309 108000
309.24 75000
309.6 25000
310.08 100000
310.56 25000
311.28 16700
312.96 16700
313.2 41700
318 41700
325.32 392000
326.04 183000
328.44 33300
338.28 16700
341.16 25000
342.12 16700
343.08 733000
344.16 33300
344.4 66700
351.36 41700
352.2 50000
353.04 16700
355.2 16700
361.2 108000
361.56 58300
367.44 25000
368.04 33300
368.28 16700
368.76 33300
369 50000
369.36 150000
369.72 167000
377.52 25000
379.32 33300
380.04 33300
381.12 16700
384.24 25000
384.72 16700
385.32 16700
386.16 58300
386.52 25000
387.48 66700
388.2 25000
390.36 25000
394.8 25000
395.4 100000
396.36 83300
397.32 167000
411 25000
411.36 83300
412.32 25000
413.64 33300
414.48 542000
415.44 58300
420 16700
426.36 50000
437.16 16700
439.44 16700
442.08 25000
444.24 25000
444.6 16700
447.6 25000
455.52 16700
456.24 25000
456.48 33300
464.16 25000
480.36 25000
481.08 16700
482.16 41700
482.64 16700
486.48 16700
491.76 25000
492.12 250000
492.84 16700
493.08 16700
499.56 50000
508.32 16700
510.36 117000
511.32 16700
515.28 25000
528.36 16700
531.6 16700
532.44 33300
540.36 16700
541.08 16700
549.48 1940000
550.44 450000
551.52 25000
557.52 25000
558.48 25000
567.12 16700
576.48 25000
579.12 16700
579.6 25000
581.16 25000
581.88 25000
582.36 41700
583.08 16700
584.16 33300
584.4 25000
597.84 16700
601.2 25000
601.68 16700
606.36 16700
609.24 16700
618.24 217000
619.2 33300
628.44 25000
636.48 4240000
637.56 842000
638.28 50000
646.44 16700
655.32 16700
668.4 41700
684.36 16700
714.36 83300
731.52 150000
732.48 91700
749.52 1610000
750.36 233000
750.6 367000
751.2 16700
751.68 16700
759.36 16700
767.28 16700
774.48 33300
784.68 66700
785.4 50000
791.4 16700
802.2 66700
802.68 83300
803.16 25000
803.64 41700
804.12 16700
820.56 3330000
821.52 1260000
822 41700
822.6 125000
857.52 25000
900.12 25000
900.72 16700
917.4 300000
918.6 375000
919.56 25000
935.52 4500000
936.48 1490000
937.56 267000
945.72 33300
1012.2 25000
1041.72 16700
1042.2 33300
1058.52 400000
1059.12 58300
1059.72 108000
